100
3132736
8763892
5103067
3949061
86293
12
3702389
9999995
9999998
8460583
1221469
11
9010879
983469
3910981
4046177
592432
5
9999973
9999996
5388168
6865010
4572049
6987083
1
6
9309119
9971849
5001361
928009
3323191
9999929
6513281
9682616
6735763
559513
9999991
2872729
2044523
3929879
615403
4751053
3410821
4
4461641
3855409
6697461
8237213
6537523
9999997
4170220
6463741
1144
8291470
1507483
8697851
9325574
3877633
9999931
4125389
1481717
9999163
13
3
9987391
4461642
5462959
390548
8873129
2360890
1281246
4461643
1862603
9999972
10
2
8
2295773
9999161
2196613
9999971
7203246
9999162
5331653
8248729
7742461
3023326
5094841
9999930
7783893
6716541
9516811
10000000
1264969
9999999
3191803
9
7
7762723
140839
