100
3 10
30 46
758 81
169 3
838 46
289 65
740 92
79 65
892 10
1000 99
912 68
252 96
424 35
2 4
270 26
125 51
317 36
285 29
355 11
440 28
239 20
2 97
808 71
81 39
642 34
915 30
1000 3
494 92
264 31
908 56
970 99
924 39
2 1
2 99
582 60
793 69
226 22
289 48
551 71
1000 97
1000 96
659 89
744 3
978 10
2 50
728 33
1000 1
758 96
2 95
67 45
839 51
2 98
372 41
824 54
522 40
555 27
755 11
583 72
497 91
871 75
2 2
906 56
958 86
500 44
1000 5
398 61
565 89
2 36
635 54
387 98
977 44
254 30
453 71
1000 98
875 93
823 3
13 37
103 5
865 23
712 1
2 3
918 38
24 85
2 5
2 96
451 5
1000 95
373 46
911 80
965 51
537 11
950 95
508 54
1000 2
1000 4
397 40
279 28
580 93
865 5
758 85
